HEDERAS_NETWORK=testnet
HEDERAS_OPERATOR_ID=0.0.34026401
HEDERAS_OPERATOR_KEY=302e020100300506032b6570042204204206397e3f1204fe8d6d4b039db65f71d9293611c2f1f28e93ca3408492a8000

#TESTNET CREDENTIALS
OPERATOR_ID = 0.0.34026401
OPERATOR_PBKEY = 302a300506032b657003210054da95a6fbcd2e6378f4411a398c61cc8b4742d0201d59f940cc9d642ca99b2e
OPERATOR_PVKEY = 302e020100300506032b6570042204204206397e3f1204fe8d6d4b039db65f71d9293611c2f1f28e93ca3408492a8000


TREASURY_ID = 0.0.34026401
TREASURY_PBKEY = 302a300506032b657003210054da95a6fbcd2e6378f4411a398c61cc8b4742d0201d59f940cc9d642ca99b2e
TREASURY_PVKEY = 302e020100300506032b6570042204204206397e3f1204fe8d6d4b039db65f71d9293611c2f1f28e93ca3408492a8000

ESCROW_ID = 0.0.34225172
ESCROW_PVKEY = 302e020100300506032b657004220420f937cb540ea6eec6747d083fc90ba52d4c9d52864a42b1e269af361a89ccad0f

ALICE_ID = 0.0.29515597
ALICE_PBKEY = 302a300506032b6570032100eab942837096fa39639c956b278a1890 3d38d0fd8667c8ee4238fdd2b0d8722f
ALICE_PVKEY = 302e020100300506032b65700422042091340f090c7512d4e96ecdfc4014155a81303c19d31b378818eb702893095aeb

TOKEN_ID = 0.0.34204615
CONTRACT_ID = 0.0.34274294
#0.0.34269959
TOKEN_ADMINKEY = 302e020100300506032b6570042204202864ebaf251ad24d49c135478c1992f0d2eea9b463c967d65f3f547a3fe9b987
TOKEN_SYPPLYKEY = 302e020100300506032b65700422042033d813ed1fe7010a164f47466c63a33cbcff2fa7754957e42189e57720b3dca3

HEDERAS_LOGGER_LEVEL=debug
HEDERAS_LOGGER_ENABLED=true